{
  "1w": [
    { "date": "03.31", "btc": 61.2, "eth": 7.4, "others": 31.4 },
    { "date": "04.01", "btc": 61.5, "eth": 7.3, "others": 31.2 },
    { "date": "04.02", "btc": 61.8, "eth": 7.2, "others": 31.0 },
    { "date": "04.03", "btc": 62.1, "eth": 7.1, "others": 30.8 },
    { "date": "04.04", "btc": 61.9, "eth": 7.3, "others": 30.8 },
    { "date": "04.05", "btc": 62.3, "eth": 7.2, "others": 30.5 },
    { "date": "04.06", "btc": 62.7, "eth": 7.1, "others": 30.2 }
  ],
  "1m": [
    { "date": "03.07", "btc": 59.8, "eth": 8.1, "others": 32.1 },
    { "date": "03.10", "btc": 60.1, "eth": 8.0, "others": 31.9 },
    { "date": "03.13", "btc": 59.5, "eth": 8.2, "others": 32.3 },
    { "date": "03.16", "btc": 60.3, "eth": 7.9, "others": 31.8 },
    { "date": "03.19", "btc": 60.8, "eth": 7.7, "others": 31.5 },
    { "date": "03.22", "btc": 61.0, "eth": 7.6, "others": 31.4 },
    { "date": "03.25", "btc": 60.7, "eth": 7.5, "others": 31.8 },
    { "date": "03.28", "btc": 61.2, "eth": 7.4, "others": 31.4 },
    { "date": "03.31", "btc": 61.5, "eth": 7.3, "others": 31.2 },
    { "date": "04.03", "btc": 62.1, "eth": 7.1, "others": 30.8 },
    { "date": "04.06", "btc": 62.7, "eth": 7.1, "others": 30.2 }
  ],
  "3m": [
    { "date": "01.06", "btc": 57.2, "eth": 9.8, "others": 33.0 },
    { "date": "01.16", "btc": 57.8, "eth": 9.5, "others": 32.7 },
    { "date": "01.26", "btc": 58.1, "eth": 9.3, "others": 32.6 },
    { "date": "02.05", "btc": 58.5, "eth": 9.0, "others": 32.5 },
    { "date": "02.15", "btc": 59.0, "eth": 8.7, "others": 32.3 },
    { "date": "02.25", "btc": 59.4, "eth": 8.5, "others": 32.1 },
    { "date": "03.07", "btc": 59.8, "eth": 8.1, "others": 32.1 },
    { "date": "03.17", "btc": 60.5, "eth": 7.8, "others": 31.7 },
    { "date": "03.27", "btc": 61.1, "eth": 7.5, "others": 31.4 },
    { "date": "04.06", "btc": 62.7, "eth": 7.1, "others": 30.2 }
  ],
  "1y": [
    { "date": "2025.05", "btc": 50.2, "eth": 14.8, "others": 35.0 },
    { "date": "2025.06", "btc": 51.0, "eth": 14.2, "others": 34.8 },
    { "date": "2025.07", "btc": 52.5, "eth": 13.5, "others": 34.0 },
    { "date": "2025.08", "btc": 53.1, "eth": 12.8, "others": 34.1 },
    { "date": "2025.09", "btc": 52.8, "eth": 12.2, "others": 35.0 },
    { "date": "2025.10", "btc": 54.0, "eth": 11.5, "others": 34.5 },
    { "date": "2025.11", "btc": 55.8, "eth": 10.8, "others": 33.4 },
    { "date": "2025.12", "btc": 57.2, "eth": 10.0, "others": 32.8 },
    { "date": "2026.01", "btc": 57.5, "eth": 9.5, "others": 33.0 },
    { "date": "2026.02", "btc": 59.0, "eth": 8.7, "others": 32.3 },
    { "date": "2026.03", "btc": 61.2, "eth": 7.4, "others": 31.4 },
    { "date": "2026.04", "btc": 62.7, "eth": 7.1, "others": 30.2 }
  ],
  "5y": [
    { "date": "2021.05", "btc": 43.2, "eth": 18.5, "others": 38.3 },
    { "date": "2021.09", "btc": 42.8, "eth": 19.2, "others": 38.0 },
    { "date": "2022.01", "btc": 40.5, "eth": 18.8, "others": 40.7 },
    { "date": "2022.05", "btc": 44.1, "eth": 17.5, "others": 38.4 },
    { "date": "2022.09", "btc": 39.8, "eth": 18.0, "others": 42.2 },
    { "date": "2023.01", "btc": 41.5, "eth": 18.2, "others": 40.3 },
    { "date": "2023.05", "btc": 45.2, "eth": 17.8, "others": 37.0 },
    { "date": "2023.09", "btc": 48.5, "eth": 16.5, "others": 35.0 },
    { "date": "2024.01", "btc": 50.8, "eth": 15.2, "others": 34.0 },
    { "date": "2024.05", "btc": 53.5, "eth": 14.0, "others": 32.5 },
    { "date": "2024.09", "btc": 56.2, "eth": 12.5, "others": 31.3 },
    { "date": "2025.01", "btc": 52.0, "eth": 13.8, "others": 34.2 },
    { "date": "2025.05", "btc": 50.2, "eth": 14.8, "others": 35.0 },
    { "date": "2025.09", "btc": 52.8, "eth": 12.2, "others": 35.0 },
    { "date": "2026.01", "btc": 57.5, "eth": 9.5, "others": 33.0 },
    { "date": "2026.04", "btc": 62.7, "eth": 7.1, "others": 30.2 }
  ]
}
